0.320819880065,0.238522772286,0.232264636759,0.218932219849,0.217260560606,0.208016233958,0.208016233958,0.193531080631,0.193531080631,0.192681144704,
0.320819880065,0.243246674272,0.225905436739,0.22528292365,0.22528292365,0.220307447793,0.216128472269,0.214649299855,0.214649299855,0.211838088099,
0.320819880065,0.156445100513,0.152750956729,
0.320819880065,0.177864279718,0.177864279718,0.177864279718,0.174701224861,0.174701224861,0.174701224861,0.174701224861,0.174701224861,0.15128878971,0.15128878971,0.146073189753,0.146073189753,0.145692558388,0.145692558388,0.145692558388,0.144866788743,0.144866788743,0.144866788743,0.139004960322,0.139004960322,0.139004960322,0.139004960322,0.139004960322,0.139004960322,0.139004960322,0.139004960322,

0.320819880065,0.199635657229,0.199635657229,0.199635657229,0.196389346537,0.196389346537,
0.320819880065,0.471180134783,
0.320819880065,0.0910936005016,0.0910936005016,0.0910936005016,0.0910936005016,0.0910936005016,0.0910936005016,0.0910936005016,0.0910936005016,0.0910936005016,0.0910936005016,0.0905327419501,0.0905327419501,0.0900815071882,0.0900815071882,0.0900815071882,0.0900815071882,0.0900815071882,0.0900815071882,0.0897179745909,0.0897179745909,0.0897179745909,0.0894076277015,0.0894076277015,0.0894076277015,0.0894076277015,0.0894076277015,0.0894076277015,0.0894076277015,0.088827109533,0.088827109533,
0.320819880065,0.153823673532,
0.320819880065,
0.320819880065,0.0419574883542,
0.320819880065,0.160216174251,0.160216174251,0.15531741796,0.15531741796,0.15531741796,0.15531741796,0.15531741796,0.15531741796,0.15531741796,0.15531741796,0.15531741796,0.15531741796,0.151182085741,0.151182085741,0.151182085741,0.142261661177,0.137564337563,0.137564337563,0.137564337563,0.137564337563,0.137564337563,0.137564337563,0.137564337563,0.137564337563,0.137564337563,0.137564337563,0.136863018314,0.136863018314,0.136863018314,0.136863018314,
0.320819880065,0.139484757049,0.139484757049,